positive\1657034249.6410892.jpg 1 820 150 32 105
positive\1657034793.2642374.jpg 1 628 146 38 104
positive\1657034815.947002.jpg 1 813 32 35 109
positive\1657034842.0891047.jpg 1 780 45 43 109
positive\1657034863.9231253.jpg 1 781 53 41 103
positive\1657034888.052764.jpg 1 781 49 42 111
positive\1657034915.1886714.jpg 1 780 46 45 114
positive\1657034949.0620677.jpg 1 501 149 38 101
positive\1657035082.209849.jpg 1 838 65 48 116
positive\1657035163.700518.jpg 1 1069 66 42 98
positive\1657035188.6749358.jpg 1 575 109 30 93
positive\1657035227.9318647.jpg 0
positive\1657035307.3309143.jpg 1 998 226 27 76
positive\1657035373.6320918.jpg 1 619 259 27 48
positive\1657035402.312487.jpg 1 618 229 30 76
positive\1657035426.6393037.jpg 1 551 102 28 75
positive\1657035767.0083673.jpg 1 774 151 38 103
positive\1657035965.2106907.jpg 1 470 109 34 105
positive\1657035999.518087.jpg 1 641 62 41 108
positive\1657036037.975877.jpg 1 637 57 43 112
positive\1657036073.4007804.jpg 1 638 54 42 118
positive\1657036137.0943034.jpg 1 641 63 40 111
positive\1657036156.626084.jpg 1 1025 76 47 118
positive\1657036180.5954125.jpg 1 1146 54 42 110
positive\1657036205.2286642.jpg 1 810 63 45 110
positive\1657036235.4481478.jpg 1 811 76 48 101
positive\1657036253.8098702.jpg 1 612 70 35 107
positive\1657036303.2676847.jpg 1 988 105 48 112
positive\1657036343.4797697.jpg 1 871 126 34 110
positive\1657036373.618163.jpg 1 763 198 36 99
positive\1657036395.1647668.jpg 1 581 178 38 99
positive\1657036430.291616.jpg 1 436 45 35 113
positive\1657036469.591154.jpg 1 1080 122 40 109
positive\1657036500.1341617.jpg 1 862 147 39 104
